4294967278,32
4294967278,31
4294967278,36
4294967278,35
4294967278,34
4294967278,33
4294967278,251
4294967278,247
4294967278,245
4294967278,236
4294967278,235
4294967278,232
4294967278,230
4294967278,38
4294967278,37
4294967279,286
4294967279,331
4294967278,41
4294967278,40
4294967278,39
4294967279,367
4294967278,194
4294967278,193
4294967278,560
4294967279,366
4294967278,191
4294967278,190
4294967278,42
4294967279,261
4294967278,44
4294967278,43
4294967278,249
4294967278,48
4294967278,47
4294967278,46
4294967278,45
4294967278,243
4294967278,241
4294967278,239
4294967278,316
4294967278,315
4294967278,233
4294967278,229
4294967278,223
4294967278,221
4294967278,215
4294967278,51
4294967278,50
4294967278,49
4294967278,314
4294967278,313
4294967278,559
4294967278,312
4294967279,365
4294967278,558
4294967278,557
4294967278,311
4294967279,364
4294967279,60
4294967279,59
4294967279,58
4294967279,57
4294967279,56
4294967279,363
4294967278,556
4294967278,301
4294967279,362
4294967278,555
4294967278,300
4294967278,179
4294967278,178
4294967278,554
4294967279,361
4294967279,54
4294967279,53
4294967279,52
4294967279,51
4294967279,49
4294967279,48
4294967279,280
4294967279,50
4294967279,360
4294967279,302
4294967278,553
4294967279,161
4294967279,299
4294967278,552
4294967279,47
4294967279,46
4294967279,45
4294967279,43
4294967279,42
4294967279,41
4294967279,40
4294967279,39
4294967279,38
4294967279,292
4294967279,277
4294967279,276
17,5
17,7
17,0
17,2
4294967279,134
4294967279,291
4294967279,33
4294967278,551
4294967279,359
4294967278,550
4294967279,282
4294967278,549
4294967279,358
4294967278,548
4294967278,547
4294967278,256
4294967278,546
4294967278,319
4294967279,357
4294967279,30
17,1
17,6
4294967278,220
4294967278,219
4294967278,217
4294967278,214
4294967279,28
4294967279,27
4294967279,25
4294967279,24
4294967279,23
4294967279,22
4294967279,21
4294967279,20
4294967279,19
4294967279,18
4294967279,17
4294967278,310
4294967278,309
4294967279,356
4294967278,545
4294967279,355
4294967278,544
4294967279,354
4294967278,543
4294967279,353
4294967278,308
4294967279,352
4294967278,307
4294967278,306
4294967278,305
4294967279,351
4294967278,542
4294967278,304
4294967278,541
4294967279,350
4294967278,540
4294967278,539
4294967279,349
4294967279,16
4294967279,14
4294967279,13
4294967279,12
4294967279,11
4294967279,10
4294967278,538
4294967279,348
4294967279,347
4294967279,346
4294967278,537
4294967279,303
4294967278,536
4294967279,345
4294967278,535
4294967279,344
4294967278,534
4294967278,297
4294967279,343
4294967278,533
4294967279,337
4294967278,525
17,4
4294967294,39
4294967279,162
4294967294,41
4294967278,532
4294967279,342
4294967278,531
4294967278,530
4294967278,529
4294967294,1421
4294967294,43
4294967278,528
4294967278,260
4294967278,0
4294967279,341
4294967294,1416
4294967294,15
4294967294,418
4294967294,52
4294967294,50
4294967294,12
4294967279,142
3,4
4294967294,99
4294967294,76
4294967294,439
4294967294,905
4294967294,84
4294967294,83
4294967294,82
4294967294,973
4294967294,46
4294967294,0
4294967294,967
4294967294,91
4294967294,90
4294967294,87
4294967294,86
4294967294,956
4294967294,419
4294967279,279
4294967279,138
22,0
22,5
4294967294,9
4294967294,107
4294967279,135
4294967294,94
4294967294,96
22,4
4294967279,133
22,3
22,2
22,1
4294967294,8
0,7
4294967294,45
4294967294,1420
4294967294,53
4294967294,29
4294967294,1
4294967294,28
4294967294,924
4294967294,27
4294967294,473
4294967294,25
4294967294,85
4294967294,7
4294967294,93
4294967294,95
4294967294,22
4294967294,17
4294967294,42
4294967294,425
4294967294,51
4294967294,471
4294967294,1418
4294967294,26
4294967279,290
4294967294,5
4294967294,6
4294967294,81
4294967294,970
4294967294,1417
4294967294,67
4294967294,68
4294967294,11
4294967294,92
4294967294,88
4294967279,340
4294967279,260
4294967279,0
4294967279,333
4294967278,132
4294967278,131
4294967278,130
4294967278,129
4294967278,128
4294967278,127
4294967278,126
4294967278,125
4294967278,124
4294967278,123
4294967278,122
4294967278,121
4294967278,120
4294967278,119
4294967278,118
4294967278,117
4294967278,116
4294967278,115
4294967278,114
4294967278,113
4294967278,112
4294967278,111
4294967278,110
4294967278,109
